POST /collect HTTP/1.1
Host: l.clarity.ms
Cookie: MUID=08E9BC3E447E66CB00ADAA7845346719
User-Agent: Mozilla/5.0 (Windows NT 10.0; Win64; x64; rv:141.0) Gecko/20100101 Firefox/141.0
Accept: */*
Accept-Language: pt-BR,pt;q=0.8,en-US;q=0.5,en;q=0.3
Accept-Encoding: gzip, deflate, br
Referer: https://www.zeroum.bet/
Content-Type: text/plain;charset=UTF-8
Content-Length: 1211
Origin: https://www.zeroum.bet
Sec-Fetch-Dest: empty
Sec-Fetch-Mode: no-cors
Sec-Fetch-Site: cross-site
Priority: u=6
Te: trailers
Connection: keep-alive

{"e":["0.8.24",8,26518,3623,"rjz72wzpkd","16g1myi","zzkq4",2,1,1,0,"https://www.zeroum.bet/cadastro?s_tracker=dykteqpdkkwkdlogpedbgjdwj&utm_medium=TAP&utm_medium=8lsk4pkhre&utm_campaign=447611&utm_source=447611&afp1=CP07%20%5Bzero1%5D%20%5BABO%20ADV%201-10-6%5D%20%5B01%2F08%5D&afp2=CJ1&afp3=AD434&afp9=victor"],"a":[[27503,2,5,1,0],[26999,12,99,823,609],[27030,12,99,686,703],[27046,12,99,594,765],[27061,12,99,536,796],[27077,12,99,519,799],[27091,12,99,511,799],[27107,12,99,508,798],[27123,12,99,509,792],[27138,12,99,518,777],[27154,12,99,525,767],[27248,12,99,526,767],[27263,12,99,526,770],[27296,12,99,520,778],[27311,12,99,508,788],[27327,12,99,492,802],[27342,12,141,473,827],[27357,12,99,464,851],[27373,12,107,457,876],[27388,12,61,456,893],[27405,12,61,455,912],[27420,12,61,453,925],[27435,12,74,451,936],[27451,12,61,447,944],[27467,12,61,445,950],[27483,12,61,443,953],[27498,12,61,442,953],[27514,12,61,441,953],[28655,12,52,381,931],[28670,12,52,401,905],[28685,12,99,442,857],[28701,12,99,483,811],[28716,12,99,533,754],[30140,2,1,2,0],[26518,4,1,1077,1018,1077,954,0,0,1031,597,25714,0,25608,1031,597,25608,708,861,25233,708,862,25296,976,639,25592],[30141,0,2,2197,4,4,25,37],[30141,35,3]]}