POST /collect HTTP/1.1
Host: l.clarity.ms
Cookie: MUID=08E9BC3E447E66CB00ADAA7845346719
User-Agent: Mozilla/5.0 (Windows NT 10.0; Win64; x64; rv:141.0) Gecko/20100101 Firefox/141.0
Accept: */*
Accept-Language: pt-BR,pt;q=0.8,en-US;q=0.5,en;q=0.3
Accept-Encoding: gzip, deflate, br
Referer: https://www.zeroum.bet/
Content-Type: text/plain;charset=UTF-8
Content-Length: 1608
Origin: https://www.zeroum.bet
Sec-Fetch-Dest: empty
Sec-Fetch-Mode: cors
Sec-Fetch-Site: cross-site
Te: trailers
Connection: keep-alive

{"e":["0.8.24",2,117,2700,"rjz72wzpkd","16g1myi","zzkq4",2,0,0,0,"https://www.zeroum.bet/cadastro?s_tracker=dykteqpdkkwkdlogpedbgjdwj&utm_medium=TAP&utm_medium=8lsk4pkhre&utm_campaign=447611&utm_source=447611&afp1=CP07%20%5Bzero1%5D%20%5BABO%20ADV%201-10-6%5D%20%5B01%2F08%5D&afp2=CJ1&afp3=AD434&afp9=victor"],"a":[[139,12,127,587,191],[155,12,127,588,194],[171,12,127,591,201],[186,12,115,602,215],[202,12,99,639,235],[217,12,99,685,247],[217,12,99,710,248],[389,12,99,711,248],[405,12,99,713,251],[421,12,99,713,262],[436,12,99,706,282],[467,12,99,692,329],[483,12,99,670,385],[499,12,99,642,455],[514,12,99,630,519],[530,12,99,627,601],[546,12,99,644,709],[561,12,99,667,773],[577,12,99,680,805],[592,12,117,686,820],[608,12,99,690,841],[639,12,99,687,850],[655,12,99,680,848],[671,12,117,668,828],[686,12,117,664,821],[796,12,117,664,822],[811,12,117,668,832],[827,12,99,669,839],[841,12,99,668,846],[857,12,99,659,851],[874,12,99,642,856],[889,12,99,611,864],[905,12,99,573,866],[921,12,99,527,869],[936,12,99,502,876],[967,12,99,477,885],[983,12,99,467,889],[999,12,61,463,893],[1014,12,61,462,895],[1030,12,61,462,897],[1046,12,61,461,899],[1061,12,61,461,903],[1077,12,61,460,906],[1092,12,61,460,909],[1108,12,61,460,912],[1124,12,61,460,916],[1139,12,61,461,919],[1155,12,61,462,923],[1171,12,61,462,925],[1186,12,61,462,928],[1202,12,74,462,932],[1217,12,74,462,936],[1249,12,74,464,940],[1264,12,61,466,944],[1280,12,61,470,951],[116,4,1,1077,1018,1077,954,0,0,0,0,0,0,null,null,null,null,null,null,null,null,null,null,null,null,null],[2817,1,4,["www.facebook.com"]],[2817,0,2,18466,4,11,25,59]]}