POST /collect HTTP/1.1
Host: l.clarity.ms
Cookie: MUID=08E9BC3E447E66CB00ADAA7845346719
User-Agent: Mozilla/5.0 (Windows NT 10.0; Win64; x64; rv:141.0) Gecko/20100101 Firefox/141.0
Accept: */*
Accept-Language: pt-BR,pt;q=0.8,en-US;q=0.5,en;q=0.3
Accept-Encoding: gzip, deflate, br
Referer: https://www.zeroum.bet/
Content-Type: text/plain;charset=UTF-8
Content-Length: 1987
Origin: https://www.zeroum.bet
Sec-Fetch-Dest: empty
Sec-Fetch-Mode: no-cors
Sec-Fetch-Site: cross-site
Priority: u=6
Te: trailers
Connection: keep-alive

{"e":["0.8.24",5,15730,580,"rjz72wzpkd","16g1myi","zzkq4",1,1,1,0,"https://www.zeroum.bet/cadastro?s_tracker=dykteqpdkkwkdlogpedbgjdwj&utm_medium=TAP&utm_medium=8lsk4pkhre&utm_campaign=447611&utm_source=447611&afp1=CP07%20%5Bzero1%5D%20%5BABO%20ADV%201-10-6%5D%20%5B01%2F08%5D&afp2=CJ1&afp3=AD434&afp9=victor"],"a":[[16215,2,4,1,0],[16302,26,"pagehide",0],[14375,12,156,530,846],[14390,12,156,530,845],[14407,12,156,529,845],[14423,12,156,529,843],[14438,12,156,528,842],[14468,12,153,527,840],[14485,12,153,524,838],[14500,12,153,515,826],[14516,12,153,505,816],[14531,12,153,495,804],[14547,12,151,486,791],[14562,12,149,477,772],[14579,12,149,461,725],[14593,12,149,459,703],[14609,12,99,459,662],[14626,12,99,463,625],[14641,12,99,479,574],[14656,12,99,489,539],[14672,12,99,497,516],[14687,12,99,501,505],[14703,12,99,501,504],[14890,12,99,501,503],[14906,12,99,502,491],[14923,12,99,499,472],[14937,12,99,491,455],[14969,12,99,487,443],[14984,12,99,497,443],[15000,12,99,513,443],[15015,12,99,525,443],[15140,12,99,526,443],[15157,12,99,541,452],[15172,12,99,549,455],[15172,12,99,562,457],[15187,12,99,588,459],[15219,12,99,618,461],[15219,12,99,624,459],[15250,12,99,623,447],[15265,12,99,594,421],[15282,12,99,531,376],[15297,12,99,421,312],[15312,12,99,331,265],[15328,12,115,243,216],[15343,12,115,201,182],[15359,12,114,184,153],[15375,12,95,182,132],[15391,12,113,184,108],[15406,12,112,186,87],[15422,12,112,187,62],[15437,12,95,188,43],[15453,12,97,190,37],[15468,12,97,190,35],[15485,12,97,191,33],[15531,12,97,192,33],[15548,12,97,193,33],[15562,12,97,195,36],[15579,12,95,208,44],[15593,12,95,217,48],[15735,12,95,215,47],[15750,12,95,213,44],[15765,12,97,208,38],[15781,12,97,202,35],[15798,12,97,193,31],[15813,12,97,175,24],[15829,12,95,160,16],[15844,12,95,145,9],[15859,12,95,142,5],[15875,12,95,141,4],[15891,12,95,135,1],[15730,4,1,1077,1018,1077,954,0,0,531,847,14730,0,14328,531,847,14172,531,847,14250,531,847,14328,531,847,14328],[16310,0,2,2392,4,4,25,73]]}